running on rosi
settings: v=no% c; N=5; profile=r3
w0 = 2.3484903402640077e-05
w/w0 =42.580545589452335
(2100, 2100, 2100)
0.0016439432381848056
runtime: 0.7222 s
runtime: 3 min 6.6510 s
runtime: 3 min 7.5153 s
runtime: 3 min 7.5267 s
runtime: 1 h 11 min 27.652 s
runtime: 1 h 14 min 24.885 s
runtime: 2 h 28 min 3.5041 s
runtime: 2 h 44 min 15.390 s
w = 5.263616026535747e-05
1.1601765411137507e-16
