running on rosi
settings: v=102% c; N=3
vf: 305788307.16
w0 = 2.3484903402640077e-05
w/w0 =42.580545589452335
(2100, 2100, 2100)
0.0016439432381848056
0.0041671151662
time: 0.012699552377065023 min
time: 4.804425358772278 min
time: 71.35600366989772 min
time: 139.5821262637774 min
time: 168.93995556036631 min
w = 5.3971776423729484e-05
9.961134559268867e-15
t: 1.041343348731058e-17
t expect -4.360314969908855e-14
w: 5.436834189214688e-05
w expect 2.3927674061305775e-05
z: 0.07066666666666667
time: 236.97784676154455 min
t: 3.371703471221706e-17
t expect -8.72062993981771e-14
w: 5.53314236546874e-05
w expect 1.6919420586770772e-05
z: 0.07133333333333335
time: 733.2718135873477 min
t: 6.966754455937608e-17
t expect -1.3080944909731736e-13
w: 5.684949169672976e-05
w expect 1.3814649060376516e-05
z: 0.07200000000000001
time: 1229.6586602767309 min
done
