running on rosi
settings: v=no% c; N=3
w0 = 2.3484903402640077e-05
w/w0 =42.580545589452335
(2100, 2100, 2100)
0.0016439432381848056
0.0041671151662
runtime: 4.1663 s
runtime: 4 min 54.209 s
runtime: 4 min 54.216 s
runtime: 1 h 4 min 55.404 s
runtime: 1 h 34 min 21.145 s
w = 3.193480802926426e-05
1.8768026115253424e-14
t: 1.8911126837164693e-17
t expect -1.079239001956222e-16
w: 3.213086456912283e-05
w expect 2.3927674061305775e-05
z: 0.07066666666666667
runtime: 2 h 35 min 55.585 s
t: 3.565255805700643e-17
t expect -4.2631830558825407e-16
w: 3.348365265310114e-05
w expect 1.6919420586770772e-05
z: 0.07133333333333335
runtime: 9 h 8 min 49.558 s
t: 4.990533604890664e-17
t expect -9.473692763383021e-16
w: 3.5950290746202504e-05
w expect 1.3814649060376516e-05
z: 0.07200000000000001
runtime: 15 h 37 min 53.999 s
done
