vf: 305788307.16
w0 = 2.3484903402640077e-05
w/w0 =42.580545589452335
(3000, 3000, 3000)
0.0016439432381848056
0.0041671151662
time: 0.2953961690266927 min
time: 45.166255394617714 min
w = 0.001005452948401712
time: 133.04974202712376 min
w = 0.001005452948401712
