running on rosi
vf: 305788307.16
w0 = 2.3484903402640077e-05
w/w0 =42.580545589452335
(2500, 2500, 1000)
0.0016439432381848056
0.0041671151662
time: 0.012061671415964762 min
time: 3.23646635611852 min
w = 0.0010054528291300248
time: 8.917718056837717 min
w = 0.0010054528291300248
time: 13.87901568810145 min
w = 0.0010054528291300248
