running on rosi
settings: v=102% c; N=5
vf: 305788307.16
w0 = 2.3484903402640077e-05
w/w0 =42.580545589452335
(100, 100, 300)
0.0016439432381848056
0.0041671151662
time: 0.011733003457387288 min
time: 0.013492238521575928 min
w = 0.001005204562294025
time: 0.01641536553700765 min
w = 0.001005204562294025
time: 0.019035720825195314 min
w = 0.001005204562294025
time: 0.022823564211527505 min
w = nan
time: 0.023388771216074626 min
nan
