running on rosi
settings: v=102% c; N=3
vf: 305788307.16
w0 = 2.3484903402640077e-05
w/w0 =42.580545589452335
(330, 330, 300)
0.0016439432381848056
0.0041671151662
time: 0.023388361930847167 min
time: 0.040659749507904054 min
w = 0.0010054307050625497
time: 0.07079520225524902 min
w = 0.0010054307050625497
time: 0.09761579831441243 min
w = 0.0010054307050625497
time: 0.13773674964904786 min
w = nan
time: 0.1431841492652893 min
nan
