vf: 305788307.16
w0 = 2.3484903402640077e-05
w/w0 =42.580545589452335
(3000, 3000, 3000)
0.0016439432381848056
0.0041671151662
time: 0.28176048199335735 min
time: 45.52672942876816 min
time: 136.64075549443564 min
time: 217.89655898809434 min
time: 504.96653466622035 min
w = 5.621777273562434e-05
-2.108507837476902e-14
t: -1.5759405285070224e-16
t expect -4.360314969908855e-14
w: 0.002138983920763044
w expect 2.3927674061305775e-05
z: 0.07066666666666667
time: 806.9876094897588 min
t: -2.4709774916586964e-14
t expect -8.72062993981771e-14
w: 0.0020260900848226484
w expect 1.6919420586770772e-05
z: 0.07133333333333335
time: 1104.2611463904382 min
t: -1.1904921231100629e-14
t expect -1.3080944909731736e-13
w: 0.0020149874599790485
w expect 1.3814649060376516e-05
z: 0.07200000000000001
time: 1401.4813408414523 min
done
