vf: 305788307.16
w0 = 2.3484903402640077e-05
w/w0 =42.580545589452335
(3000, 3000, 3000)
0.0016439432381848056
0.0041671151662
time: 0.3142347971598307 min
time: 45.27902668317159 min
time: 135.02996989488602 min
time: 216.12603287299473 min
time: 501.8414235273997 min
w = 5.621777273562434e-05
-2.108507837476902e-14
t: -1.5759405285070224e-16
t expect -4.360314969908855e-14
w: 0.002138983920763044
w expect 2.3927674061305775e-05
z: 0.07066666666666667
time: 800.6524514158567 min
t: -2.4709774916586964e-14
t expect -8.72062993981771e-14
w: 0.0020260900848226484
w expect 1.6919420586770772e-05
z: 0.07133333333333335
time: 1091.3991720954577 min
t: -1.1904921231100629e-14
t expect -1.3080944909731736e-13
w: 0.0020149874599790485
w expect 1.3814649060376516e-05
z: 0.07200000000000001
time: 1386.8282533407212 min
done
